1 0.5381 0.5015 0.0802 0.2354
1 0.4264 0.4141 0.0298 0.1718
1 0.5706 0.3580 0.0238 0.0882
1 0.7522 0.5605 0.0548 0.3534
0 0.8709 0.4441 0.0571 0.2203
0 0.6878 0.4102 0.0288 0.1627
1 0.6772 0.3900 0.0171 0.1470
1 0.6528 0.3977 0.0267 0.1094
1 0.6383 0.3749 0.0138 0.0614
0 0.5364 0.3434 0.0212 0.1068
1 0.5309 0.3348 0.0129 0.0654
1 0.5015 0.3494 0.0198 0.0973
0 0.4849 0.3364 0.0159 0.0875
1 0.7958 0.3312 0.0187 0.0635
1 0.7967 0.4008 0.0250 0.1381
1 0.7738 0.3913 0.0181 0.1334
1 0.7673 0.3946 0.0211 0.1072
0 0.3819 0.3497 0.0200 0.1094
1 0.8400 0.4057 0.0354 0.1677
1 0.6071 0.4052 0.0223 0.1524
0 0.4501 0.3782 0.0211 0.0770
1 0.0790 0.3476 0.0152 0.1173
1 0.0415 0.3495 0.0153 0.1238
1 0.0672 0.3651 0.0199 0.1441
